#dataframes
title<-c("Star Wars","The Empire Strikes Back","Return of the Jedi",
         "The Phantom Menace","Attack of the Clones"," Revenge of the Sith",
         "The Force Awakens")
year<-c(1977,1980,1983,1999,2002,2005,2015)
length.min<-c(121,124,133,133,142,140,135)
box.office.mil<-c(787,534,572,1027,657,849,2059)
my.data<-(Title=title ,Year=year, Length=length.min, Gross=box.office.mil)
my.data
